cube
S 10.000000 10.000000
-7.599998 3.200001 0.000000 25.000000 255 0 0
-4.600000 18.399975 25.000000 25.000000 0 255 0
25.000000 25.000000 25.000000 0.000000 0 0 255
25.000000 0.000000 0.000000 0.000000 0 255 255
-1.000000 -1.800000 1.000000 0.000000 255 0 255
END
blouseWorld
S 15.000000 15.000000
15.000000 0.000000 5.000000 0.000000 255 0 0
15.000000 10.000000 15.000000 0.000000 0 0 255
20.000000 10.000000 15.000000 10.000000 0 255 0
20.000000 20.000000 20.000000 10.000000 255 0 0
15.000000 20.000000 20.000000 20.000000 0 0 255
15.000000 30.000000 15.000000 20.000000 0 255 0
5.000000 30.000000 15.000000 30.000000 255 0 0
5.000000 25.000000 5.000000 30.000000 0 0 255
10.000000 25.000000 5.000000 25.000000 0 255 0
10.000000 20.000000 10.000000 25.000000 255 0 0
0.000000 20.000000 10.000000 20.000000 0 0 255
0.000000 10.000000 0.000000 20.000000 0 255 0
0.000000 10.000000 10.000000 10.000000 255 0 0
10.000000 10.000000 10.000000 5.000000 0 0 255
10.000000 5.000000 5.000000 5.000000 0 255 0
5.000000 5.000000 5.000000 0.000000 0 0 255
END
